47 103 53 119
55 128 62 143
58 103 65 130
58 114 66 120
65 88 73 106
68 121 74 136
74 103 79 120
77 113 81 130
80 129 85 144
88 103 92 120
92 49 92 75
97 69 97 95
101 56 101 83
104 47 102 75
110 35 107 88
110 62 109 63
116 46 115 73
119 54 116 82
122 67 120 94
129 44 127 72
94 91 93 109
94 117 93 134
100 104 100 121
108 95 105 131
108 115 107 115
117 127 115 143
118 84 116 104
119 113 116 118
120 100 116 131
135 107 130 126
136 79 128 103
144 57 134 82
147 71 138 94
150 80 140 103
157 63 147 117
158 95 148 88
165 79 153 103
166 69 154 94
168 54 157 82
180 78 166 103