356 325 298 332
356 303 299 317
356 281 299 301
356 260 300 286
357 239 300 271
357 218 300 255
357 197 301 240
357 176 301 225
357 156 301 210
377 326 314 333
378 304 314 317
378 282 314 302
378 260 315 286
378 239 315 271
378 218 315 256
378 197 316 240
378 176 316 225
378 156 316 210
399 326 329 333
399 304 329 317
399 282 330 302
399 260 330 286
399 239 330 271
399 218 330 256
399 197 331 241
399 177 331 226
399 156 331 211
421 327 344 333
421 304 345 318
421 282 345 302
420 261 345 287
420 239 345 271
420 218 345 256
420 197 346 241
420 177 346 226
420 156 346 211
443 327 360 334
443 305 360 318
442 283 360 303
442 261 360 287
441 240 360 272
441 219 361 257
441 198 361 241
441 177 361 226
440 156 361 211
465 327 375 334
465 305 375 319
464 283 375 303
463 261 376 288
463 240 376 272
462 219 376 257
462 198 376 242
461 177 376 226
461 157 376 211